0, 0.00000
10, 0.00000
20, 0.00000
30, 0.00000
40, 0.00000
50, 0.00000
60, 0.00000
70, 0.10000
80, 0.05000
90, 0.00000
100, 0.05000
110, 0.05000
120, 0.00000
130, 0.00000
140, 0.05000
150, 0.00000
160, 0.00000
170, 0.05000
180, 0.00000
190, 0.00000
200, 0.00000
210, 0.00000
220, 0.00000
230, 0.00000
240, 0.00000
250, 0.00000
260, 0.00000
270, 0.00000
280, 0.00000
290, 0.00000
300, 0.05000
310, 0.00000
320, 0.00000
330, 0.00000
340, 0.00000
350, 0.00000
360, 0.00000
370, 0.05000
380, 0.00000
390, 0.05000
400, 0.00000
410, 0.05000
420, 0.05000
430, 0.00000
440, 0.00000
450, 0.00000
460, 0.05000
470, 0.00000
480, 0.00000
490, 0.05000
500, 0.00000
510, 0.05000
520, 0.05000
530, 0.05000
540, 0.10000
550, 0.00000
560, 0.10000
570, 0.00000
580, 0.05000
590, 0.05000
600, 0.00000
610, 0.05000
620, 0.00000
630, 0.05000
640, 0.10000
650, 0.00000
660, 0.05000
670, 0.10000
680, 0.00000
690, 0.00000
700, 0.05000
710, 0.05000
720, 0.10000
730, 0.05000
740, 0.20000
750, 0.05000
760, 0.05000
770, 0.05000
780, 0.00000
790, 0.05000
800, 0.20000
810, 0.05000
820, 0.15000
830, 0.15000
840, 0.05000
850, 0.05000
860, 0.10000
870, 0.15000
880, 0.10000
890, 0.15000
900, 0.20000
910, 0.20000
920, 0.10000
930, 0.15000
940, 0.00000
950, 0.00000
960, 0.10000
970, 0.25000
980, 0.15000
990, 0.10000
1000, 0.15000
1010, 0.05000
1020, 0.15000
1030, 0.05000
1040, 0.05000
1050, 0.10000
1060, 0.35000
1070, 0.20000
1080, 0.20000
1090, 0.25000
1100, 0.15000
1110, 0.00000
1120, 0.15000
1130, 0.10000
1140, 0.10000
1150, 0.25000
1160, 0.25000
1170, 0.15000
1180, 0.30000
1190, 0.10000
1200, 0.15000
1210, 0.25000
1220, 0.05000
1230, 0.15000
1240, 0.35000
1250, 0.10000
1260, 0.30000
1270, 0.20000
1280, 0.20000
1290, 0.15000
1300, 0.25000
1310, 0.20000
1320, 0.25000
1330, 0.20000
1340, 0.15000
1350, 0.25000
1360, 0.30000
1370, 0.25000
1380, 0.15000
1390, 0.35000
1400, 0.30000
1410, 0.40000
1420, 0.30000
1430, 0.25000
1440, 0.25000
1450, 0.30000
1460, 0.20000
1470, 0.40000
1480, 0.45000
1490, 0.20000
1500, 0.35000
1510, 0.25000
1520, 0.30000
1530, 0.35000
1540, 0.35000
1550, 0.25000
1560, 0.55000
1570, 0.25000
1580, 0.30000
1590, 0.40000
1600, 0.25000
1610, 0.30000
1620, 0.30000
1630, 0.40000
1640, 0.40000
1650, 0.30000
1660, 0.40000
1670, 0.35000
1680, 0.55000
1690, 0.15000
1700, 0.25000
1710, 0.25000
1720, 0.15000
1730, 0.50000
1740, 0.45000
1750, 0.30000
1760, 0.65000
1770, 0.50000
1780, 0.45000
1790, 0.55000
1800, 0.35000
1810, 0.55000
1820, 0.25000
1830, 0.35000
1840, 0.65000
1850, 0.60000
1860, 0.40000
1870, 0.50000
1880, 0.45000
1890, 0.30000
1900, 0.30000
1910, 0.60000
1920, 0.40000
1930, 0.60000
1940, 0.55000
1950, 0.40000
1960, 0.45000
1970, 0.45000
1980, 0.40000
1990, 0.55000
2000, 0.40000
2010, 0.55000
2020, 0.45000
2030, 0.50000
2040, 0.70000
2050, 0.45000
2060, 0.45000
2070, 0.45000
2080, 0.65000
2090, 0.60000
2100, 0.45000
2110, 0.60000
2120, 0.45000
2130, 0.45000
2140, 0.35000
2150, 0.65000
2160, 0.55000
2170, 0.60000
2180, 0.40000
2190, 0.60000
2200, 0.55000
2210, 0.55000
2220, 0.50000
2230, 0.55000
2240, 0.45000
2250, 0.35000
2260, 0.60000
2270, 0.60000
2280, 0.55000
2290, 0.70000
2300, 0.70000
2310, 0.60000
2320, 0.70000
2330, 0.45000
2340, 0.70000
2350, 0.50000
2360, 0.45000
2370, 0.70000
2380, 0.65000
2390, 0.75000
2400, 0.50000
2410, 0.75000
2420, 0.75000
2430, 0.55000
2440, 0.55000
2450, 0.55000
2460, 0.60000
2470, 0.65000
2480, 0.85000
2490, 0.60000
2500, 0.65000
2510, 0.65000
2520, 0.70000
2530, 0.70000
2540, 0.65000
2550, 0.60000
2560, 0.50000
2570, 0.80000
2580, 0.65000
2590, 0.75000
2600, 0.50000
2610, 0.70000
2620, 0.70000
2630, 0.65000
2640, 0.80000
2650, 0.45000
2660, 0.80000
2670, 0.80000
2680, 0.60000
2690, 0.85000
2700, 0.85000
2710, 0.80000
2720, 0.80000
2730, 0.75000
2740, 0.75000
2750, 0.55000
2760, 0.60000
2770, 0.85000
2780, 0.75000
2790, 0.75000
2800, 0.75000
2810, 0.70000
2820, 0.65000
2830, 0.75000
2840, 0.70000
2850, 0.65000
2860, 0.80000
2870, 0.85000
2880, 0.75000
2890, 0.65000
2900, 0.70000
2910, 0.70000
2920, 0.80000
2930, 0.70000
2940, 0.75000
2950, 0.65000
2960, 0.75000
2970, 0.85000
2980, 0.50000
2990, 0.85000
3000, 0.60000
3010, 0.70000
3020, 0.90000
3030, 0.65000
3040, 0.75000
3050, 0.90000
3060, 0.70000
3070, 0.80000
3080, 0.85000
3090, 0.60000
3100, 0.75000
3110, 0.85000
3120, 0.65000
3130, 0.80000
3140, 0.80000
3150, 0.80000
3160, 0.80000
3170, 0.85000
3180, 0.80000
3190, 0.80000
3200, 0.75000
3210, 0.75000
3220, 0.70000
3230, 0.70000
3240, 0.75000
3250, 0.80000
3260, 0.60000
3270, 0.80000
3280, 0.80000
3290, 0.65000
3300, 0.70000
3310, 0.80000
3320, 0.65000
3330, 0.70000
3340, 0.75000
3350, 0.80000
3360, 0.80000
3370, 0.65000
3380, 0.80000
3390, 0.80000
3400, 0.90000
3410, 0.80000
3420, 0.80000
3430, 0.80000
3440, 0.85000
3450, 0.85000
3460, 0.75000
3470, 0.90000
3480, 0.75000
3490, 0.85000
3500, 0.85000
3510, 0.95000
3520, 0.85000
3530, 0.90000
3540, 0.80000
3550, 0.75000
3560, 0.90000
3570, 0.95000
3580, 0.90000
3590, 0.75000
3600, 0.90000
3610, 0.80000
3620, 0.85000
3630, 0.80000
3640, 0.90000
3650, 0.95000
3660, 0.65000
3670, 0.85000
3680, 0.90000
3690, 0.90000
3700, 0.75000
3710, 0.75000
3720, 0.90000
3730, 0.80000
3740, 0.90000
3750, 0.75000
3760, 0.85000
3770, 1.00000
3780, 0.70000
3790, 0.80000
3800, 0.85000
3810, 0.95000
3820, 0.85000
3830, 0.90000
3840, 0.65000
3850, 0.90000
3860, 0.90000
3870, 0.80000
3880, 0.95000
3890, 0.65000
3900, 0.95000
3910, 0.95000
3920, 0.90000
3930, 0.80000
3940, 0.85000
3950, 0.80000
3960, 0.90000
3970, 0.80000
3980, 0.80000
3990, 0.90000
4000, 0.95000
4010, 0.90000
4020, 0.80000
4030, 0.80000
4040, 0.90000
4050, 0.75000
4060, 0.85000
4070, 1.00000
4080, 0.80000
4090, 1.00000
4100, 0.95000
4110, 0.80000
4120, 0.90000
4130, 0.80000
4140, 0.85000
4150, 0.90000
4160, 0.85000
4170, 0.95000
4180, 0.85000
4190, 0.85000
4200, 0.90000
4210, 0.85000
4220, 0.80000
4230, 1.00000
4240, 1.00000
4250, 0.85000
4260, 0.90000
4270, 1.00000
4280, 0.95000
4290, 0.85000
4300, 0.95000
4310, 0.85000
4320, 0.95000
4330, 0.95000
4340, 0.85000
4350, 1.00000
4360, 1.00000
4370, 0.95000
4380, 0.95000
4390, 0.95000
4400, 0.95000
4410, 0.80000
4420, 0.95000
4430, 0.90000
4440, 0.90000
4450, 0.75000
4460, 0.80000
4470, 0.90000
4480, 0.95000
4490, 0.85000
4500, 1.00000
4510, 0.75000
4520, 0.90000
4530, 0.95000
4540, 1.00000
4550, 0.90000
4560, 0.95000
4570, 0.90000
4580, 1.00000
4590, 0.85000
4600, 0.90000
4610, 0.85000
4620, 0.85000
4630, 0.95000
4640, 0.85000
4650, 0.95000
4660, 0.95000
4670, 0.80000
4680, 0.85000
4690, 0.95000
4700, 0.80000
4710, 0.90000
4720, 0.90000
4730, 0.90000
4740, 0.95000
4750, 0.85000
4760, 0.80000
4770, 1.00000
4780, 0.90000
4790, 0.95000
4800, 0.95000
4810, 0.95000
4820, 0.90000
4830, 0.95000
4840, 0.95000
4850, 0.90000
4860, 0.90000
4870, 0.95000
4880, 0.95000
4890, 0.85000
4900, 0.90000
4910, 0.95000
4920, 0.95000
4930, 0.90000
4940, 0.85000
4950, 0.90000
4960, 0.85000
4970, 0.95000
4980, 0.95000
4990, 1.00000
4999, 0.90000
